11111110110000011111001111111
10000010000000110010001000001
10111010100111110001001011101
10111010110100000101001011101
10111010111101000101001011101
10000010010010101101001000001
11111110101010101010101111111
00000000010101111110000000000
11110010100001100110010011101
01100001110000000111111110001
11000010000000100010010010110
11001001100111110011011000001
11000011010100011101010001100
01000100101101010001001000111
10100010000010100011010100111
01101000000011001001011010010
11111110001100001000110111010
00010001101011011100100101110
10101010011110011100110010100
00011000010010011110101100100
01101010110111000100111111100
00000000101011100000100011111
11111110000111000001101011010
10000010001000000000100011010
10111010011010111110111110110
10111010100110110110110011001
10111010100101001010100100101
10000010100100110000111101010
11111110101010101001110101010
